c TIGER/Line graph USA-road-d.NY
c
p sp 100 2419
c graph contains 100 nodes and 2419 arcs
c
a 1 4 582
a 1 6 279
a 1 8 439
a 1 9 571
a 1 10 873
a 1 12 812
a 1 13 978
a 1 15 464
a 1 18 597
a 1 19 224
a 1 21 381
a 1 24 8
a 1 27 810
a 1 28 290
a 1 29 327
a 1 31 980
a 1 32 246
a 1 35 131
a 1 37 318
a 1 38 132
a 1 43 137
a 1 44 31
a 1 49 486
a 1 50 435
a 1 52 891
a 1 53 990
a 1 56 572
a 1 58 991
a 1 59 894
a 1 61 990
a 1 63 66
a 1 64 827
a 1 68 268
a 1 71 504
a 1 81 749
a 1 83 140
a 1 85 667
a 1 86 727
a 1 88 955
a 1 90 263
a 1 91 302
a 1 93 335
a 1 94 271
a 1 95 464
a 1 97 977
a 1 98 949
a 1 99 795
a 1 100 222
a 2 3 79
a 2 4 113
a 2 6 706
a 2 7 216
a 2 9 143
a 2 12 191
a 2 14 2
a 2 16 385
a 2 17 532
a 2 18 573
a 2 20 375
a 2 27 425
a 2 31 562
a 2 32 792
a 2 34 251
a 2 43 181
a 2 45 295
a 2 46 1000
a 2 47 320
a 2 50 314
a 2 52 78
a 2 53 274
a 2 55 576
a 2 62 379
a 2 68 961
a 2 71 198
a 2 76 842
a 2 78 289
a 2 83 147
a 2 88 989
a 2 91 510
a 2 92 225
a 2 93 101
a 2 94 567
a 2 95 792
a 2 99 595
a 3 6 110
a 3 7 145
a 3 9 979
a 3 12 641
a 3 14 69
a 3 15 353
a 3 18 66
a 3 19 982
a 3 20 497
a 3 21 316
a 3 23 162
a 3 24 791
a 3 25 667
a 3 27 481
a 3 28 456
a 3 30 744
a 3 31 107
a 3 34 32
a 3 38 475
a 3 42 419
a 3 43 229
a 3 47 668
a 3 51 707
a 3 52 727
a 3 54 656
a 3 55 568
a 3 56 304
a 3 57 108
a 3 60 487
a 3 61 95
a 3 62 702
a 3 63 596
a 3 64 592
a 3 65 680
a 3 67 236
a 3 68 660
a 3 69 385
a 3 70 653
a 3 71 642
a 3 72 881
a 3 77 321
a 3 78 155
a 3 79 23
a 3 80 987
a 3 81 988
a 3 84 479
a 3 85 83
a 3 86 446
a 3 88 862
a 3 89 557
a 3 90 864
a 3 95 442
a 3 96 576
a 3 99 922
a 3 100 169
a 4 7 232
a 4 9 841
a 4 10 472
a 4 11 339
a 4 15 327
a 4 16 918
a 4 18 393
a 4 21 274
a 4 23 861
a 4 25 424
a 4 26 862
a 4 27 521
a 4 29 808
a 4 31 514
a 4 32 514
a 4 33 40
a 4 35 186
a 4 36 668
a 4 37 415
a 4 39 525
a 4 41 7
a 4 44 245
a 4 46 607
a 4 48 452
a 4 51 106
a 4 52 515
a 4 57 315
a 4 58 547
a 4 60 90
a 4 61 588
a 4 62 67
a 4 66 673
a 4 67 781
a 4 68 890
a 4 69 12
a 4 70 459
a 4 71 808
a 4 73 404
a 4 74 733
a 4 75 668
a 4 78 179
a 4 79 946
a 4 81 540
a 4 88 987
a 4 89 811
a 4 93 405
a 4 94 378
a 4 95 997
a 4 96 73
a 5 6 144
a 5 7 873
a 5 9 79
a 5 12 388
a 5 14 479
a 5 16 531
a 5 17 845
a 5 19 345
a 5 20 197
a 5 22 744
a 5 23 786
a 5 24 137
a 5 26 810
a 5 30 459
a 5 31 917
a 5 33 700
a 5 36 470
a 5 37 375
a 5 43 859
a 5 44 225
a 5 45 459
a 5 46 878
a 5 49 403
a 5 50 404
a 5 51 418
a 5 52 741
a 5 55 567
a 5 57 822
a 5 58 471
a 5 64 563
a 5 67 246
a 5 68 614
a 5 70 435
a 5 72 677
a 5 73 354
a 5 74 265
a 5 77 559
a 5 79 198
a 5 81 609
a 5 84 107
a 5 85 941
a 5 86 394
a 5 87 243
a 5 90 103
a 5 93 204
a 5 95 511
a 5 96 802
a 5 97 25
a 5 99 238
a 5 100 12
a 6 7 249
a 6 8 696
a 6 13 889
a 6 14 4
a 6 18 452
a 6 22 658
a 6 23 96
a 6 24 18
a 6 26 832
a 6 27 918
a 6 29 932
a 6 31 77
a 6 35 532
a 6 36 718
a 6 37 105
a 6 41 237
a 6 46 982
a 6 52 663
a 6 54 434
a 6 58 942
a 6 60 770
a 6 62 727
a 6 63 687
a 6 65 364
a 6 67 829
a 6 68 891
a 6 69 875
a 6 70 982
a 6 71 915
a 6 73 464
a 6 74 993
a 6 76 516
a 6 79 159
a 6 80 233
a 6 82 871
a 6 90 962
a 6 91 891
a 6 94 318
a 6 97 331
a 6 98 722
a 6 99 236
a 7 11 262
a 7 12 150
a 7 14 767
a 7 18 331
a 7 19 255
a 7 21 355
a 7 22 312
a 7 24 269
a 7 26 788
a 7 27 605
a 7 28 38
a 7 30 514
a 7 31 644
a 7 32 754
a 7 33 694
a 7 34 534
a 7 35 980
a 7 38 675
a 7 45 800
a 7 47 443
a 7 48 19
a 7 49 667
a 7 51 953
a 7 53 252
a 7 55 537
a 7 56 267
a 7 57 494
a 7 58 855
a 7 60 597
a 7 63 215
a 7 65 442
a 7 69 211
a 7 70 364
a 7 72 560
a 7 73 541
a 7 78 970
a 7 79 914
a 7 80 205
a 7 81 239
a 7 82 701
a 7 83 809
a 7 85 628
a 7 86 567
a 7 91 804
a 7 98 381
a 8 11 260
a 8 12 337
a 8 13 712
a 8 14 287
a 8 15 489
a 8 16 154
a 8 19 305
a 8 20 155
a 8 21 107
a 8 25 908
a 8 28 44
a 8 32 373
a 8 35 401
a 8 36 250
a 8 37 321
a 8 38 967
a 8 39 691
a 8 40 531
a 8 41 683
a 8 46 250
a 8 50 424
a 8 52 652
a 8 53 163
a 8 56 628
a 8 63 242
a 8 64 215
a 8 65 788
a 8 69 870
a 8 70 781
a 8 72 592
a 8 73 602
a 8 75 393
a 8 76 280
a 8 78 314
a 8 83 679
a 8 86 768
a 8 87 467
a 8 90 335
a 8 95 275
a 8 96 925
a 8 98 243
a 8 99 670
a 9 11 649
a 9 12 995
a 9 16 919
a 9 19 970
a 9 22 314
a 9 23 609
a 9 25 852
a 9 26 996
a 9 27 210
a 9 28 275
a 9 29 999
a 9 30 372
a 9 32 254
a 9 33 241
a 9 35 586
a 9 39 42
a 9 41 462
a 9 42 719
a 9 43 633
a 9 44 63
a 9 45 111
a 9 48 264
a 9 51 728
a 9 53 141
a 9 55 32
a 9 56 547
a 9 57 475
a 9 61 658
a 9 66 471
a 9 68 69
a 9 69 327
a 9 71 472
a 9 73 416
a 9 74 245
a 9 75 793
a 9 77 729
a 9 79 205
a 9 80 996
a 9 83 76
a 9 84 414
a 9 89 271
a 9 90 74
a 9 93 137
a 9 95 524
a 9 97 666
a 9 98 74
a 9 99 917
a 9 100 479
a 10 11 792
a 10 13 901
a 10 15 542
a 10 16 254
a 10 19 165
a 10 20 269
a 10 21 394
a 10 22 196
a 10 23 815
a 10 24 221
a 10 27 205
a 10 28 638
a 10 33 289
a 10 34 531
a 10 35 461
a 10 37 56
a 10 39 127
a 10 41 253
a 10 42 784
a 10 43 683
a 10 44 248
a 10 45 211
a 10 49 448
a 10 50 870
a 10 51 637
a 10 54 584
a 10 55 746
a 10 57 302
a 10 58 9
a 10 59 662
a 10 60 781
a 10 61 801
a 10 62 915
a 10 63 674
a 10 65 54
a 10 69 79
a 10 71 294
a 10 73 800
a 10 75 626
a 10 78 461
a 10 80 20
a 10 85 830
a 10 86 450
a 10 87 308
a 10 91 712
a 10 96 910
a 10 97 716
a 10 98 838
a 10 99 514
a 11 12 851
a 11 19 520
a 11 20 113
a 11 21 62
a 11 24 319
a 11 29 983
a 11 33 698
a 11 36 902
a 11 37 80
a 11 38 351
a 11 43 910
a 11 44 93
a 11 45 483
a 11 46 62
a 11 47 7
a 11 48 156
a 11 49 468
a 11 53 85
a 11 55 802
a 11 56 267
a 11 57 710
a 11 58 262
a 11 59 286
a 11 61 891
a 11 68 63
a 11 69 945
a 11 71 602
a 11 73 972
a 11 75 660
a 11 77 791
a 11 79 837
a 11 80 511
a 11 81 662
a 11 82 949
a 11 83 924
a 11 86 980
a 11 87 283
a 11 88 621
a 11 90 233
a 11 91 362
a 11 93 971
a 11 96 495
a 11 99 807
a 12 13 806
a 12 17 556
a 12 18 813
a 12 21 313
a 12 22 375
a 12 23 250
a 12 26 114
a 12 31 641
a 12 33 311
a 12 34 727
a 12 37 278
a 12 38 202
a 12 39 789
a 12 40 223
a 12 41 155
a 12 43 112
a 12 45 234
a 12 46 946
a 12 53 948
a 12 57 744
a 12 58 959
a 12 60 897
a 12 61 19
a 12 63 939
a 12 65 531
a 12 69 639
a 12 70 523
a 12 71 245
a 12 74 962
a 12 75 17
a 12 76 51
a 12 78 767
a 12 79 925
a 12 80 863
a 12 82 79
a 12 83 299
a 12 84 464
a 12 85 545
a 12 86 292
a 12 87 775
a 12 91 271
a 12 92 569
a 12 94 976
a 12 95 60
a 12 96 791
a 12 97 482
a 12 98 523
a 12 99 25
a 13 14 427
a 13 17 471
a 13 18 120
a 13 19 738
a 13 22 719
a 13 23 139
a 13 24 676
a 13 25 249
a 13 30 129
a 13 36 550
a 13 38 493
a 13 39 442
a 13 40 567
a 13 45 543
a 13 53 560
a 13 54 843
a 13 55 758
a 13 58 991
a 13 69 141
a 13 70 221
a 13 71 535
a 13 72 432
a 13 73 995
a 13 74 157
a 13 75 353
a 13 76 322
a 13 79 568
a 13 84 143
a 13 85 804
a 13 86 91
a 13 87 519
a 13 88 582
a 13 90 561
a 13 91 991
a 13 95 319
a 13 98 279
a 13 99 481
a 14 17 346
a 14 18 527
a 14 20 609
a 14 23 896
a 14 26 372
a 14 30 51
a 14 31 814
a 14 32 266
a 14 33 610
a 14 34 656
a 14 37 23
a 14 41 952
a 14 42 148
a 14 43 596
a 14 45 486
a 14 46 932
a 14 49 942
a 14 51 643
a 14 52 284
a 14 55 264
a 14 57 210
a 14 58 778
a 14 60 419
a 14 61 300
a 14 62 649
a 14 66 352
a 14 69 212
a 14 70 639
a 14 76 23
a 14 77 490
a 14 78 119
a 14 79 368
a 14 81 369
a 14 82 79
a 14 85 615
a 14 86 740
a 14 88 129
a 14 89 780
a 14 90 357
a 14 94 91
a 14 96 435
a 14 99 380
a 14 100 42
a 15 16 935
a 15 17 327
a 15 19 880
a 15 20 866
a 15 23 268
a 15 24 874
a 15 26 501
a 15 27 883
a 15 28 435
a 15 29 278
a 15 30 301
a 15 32 735
a 15 33 926
a 15 34 5
a 15 39 946
a 15 40 564
a 15 43 27
a 15 45 788
a 15 50 34
a 15 52 746
a 15 54 508
a 15 58 113
a 15 59 361
a 15 62 599
a 15 63 593
a 15 65 492
a 15 66 955
a 15 68 35
a 15 69 927
a 15 70 334
a 15 72 429
a 15 73 213
a 15 74 660
a 15 75 308
a 15 77 78
a 15 78 280
a 15 79 181
a 15 81 578
a 15 82 162
a 15 83 615
a 15 84 207
a 15 86 815
a 15 87 701
a 15 89 133
a 15 92 819
a 15 93 999
a 15 94 48
a 15 95 845
a 15 99 138
a 15 100 434
a 16 17 590
a 16 18 645
a 16 20 546
a 16 23 302
a 16 25 243
a 16 29 138
a 16 30 794
a 16 31 197
a 16 32 525
a 16 36 72
a 16 39 883
a 16 49 953
a 16 51 284
a 16 57 894
a 16 61 260
a 16 64 361
a 16 67 173
a 16 68 792
a 16 71 290
a 16 74 335
a 16 75 758
a 16 76 496
a 16 77 149
a 16 78 811
a 16 79 980
a 16 80 967
a 16 81 161
a 16 83 380
a 16 86 163
a 16 88 298
a 16 89 813
a 16 95 752
a 16 96 942
a 17 19 358
a 17 20 406
a 17 21 536
a 17 26 847
a 17 27 199
a 17 28 732
a 17 30 371
a 17 33 622
a 17 34 966
a 17 36 323
a 17 38 905
a 17 39 860
a 17 41 934
a 17 42 617
a 17 43 32
a 17 45 77
a 17 48 258
a 17 50 718
a 17 52 187
a 17 55 105
a 17 57 218
a 17 59 997
a 17 61 85
a 17 62 536
a 17 64 157
a 17 66 464
a 17 70 698
a 17 72 806
a 17 74 276
a 17 76 802
a 17 77 99
a 17 82 985
a 17 83 559
a 17 85 634
a 17 86 183
a 17 88 757
a 17 89 717
a 17 90 554
a 17 91 730
a 17 92 683
a 17 94 228
a 18 19 634
a 18 22 894
a 18 23 514
a 18 26 602
a 18 29 277
a 18 31 942
a 18 34 859
a 18 35 347
a 18 38 128
a 18 39 963
a 18 40 564
a 18 42 476
a 18 45 399
a 18 46 452
a 18 48 984
a 18 49 862
a 18 50 501
a 18 51 789
a 18 52 489
a 18 54 654
a 18 55 887
a 18 60 825
a 18 63 212
a 18 64 872
a 18 65 8
a 18 66 320
a 18 67 589
a 18 68 913
a 18 70 49
a 18 77 623
a 18 79 492
a 18 80 34
a 18 81 868
a 18 82 357
a 18 84 635
a 18 87 144
a 18 90 299
a 18 91 493
a 18 93 490
a 18 95 778
a 18 97 808
a 18 98 406
a 18 99 254
a 18 100 206
a 19 21 857
a 19 22 237
a 19 25 420
a 19 27 709
a 19 28 378
a 19 32 908
a 19 33 363
a 19 34 264
a 19 35 733
a 19 36 574
a 19 38 136
a 19 39 92
a 19 42 246
a 19 43 76
a 19 45 4
a 19 49 294
a 19 50 50
a 19 52 495
a 19 53 328
a 19 55 917
a 19 57 852
a 19 60 314
a 19 61 60
a 19 66 502
a 19 67 807
a 19 73 902
a 19 80 279
a 19 84 966
a 19 85 659
a 19 86 884
a 19 87 171
a 19 90 867
a 19 91 121
a 19 92 590
a 19 94 575
a 19 95 498
a 20 22 850
a 20 24 937
a 20 25 113
a 20 28 934
a 20 29 863
a 20 32 600
a 20 33 25
a 20 34 108
a 20 38 675
a 20 41 380
a 20 42 401
a 20 43 724
a 20 44 226
a 20 47 80
a 20 50 992
a 20 56 429
a 20 60 394
a 20 62 52
a 20 64 930
a 20 67 552
a 20 70 305
a 20 71 209
a 20 72 517
a 20 77 963
a 20 78 92
a 20 80 39
a 20 84 829
a 20 88 564
a 20 90 981
a 20 94 403
a 20 97 413
a 20 98 182
a 20 100 692
a 21 22 526
a 21 23 115
a 21 25 554
a 21 29 477
a 21 30 491
a 21 34 13
a 21 36 504
a 21 37 870
a 21 39 765
a 21 43 579
a 21 44 447
a 21 47 845
a 21 49 571
a 21 51 876
a 21 52 590
a 21 53 974
a 21 55 805
a 21 56 493
a 21 59 278
a 21 60 365
a 21 61 361
a 21 62 592
a 21 64 809
a 21 69 399
a 21 72 420
a 21 74 372
a 21 76 731
a 21 77 174
a 21 78 137
a 21 79 912
a 21 80 217
a 21 84 14
a 21 85 378
a 21 86 122
a 21 88 490
a 21 89 220
a 21 90 134
a 21 91 993
a 21 92 89
a 21 93 251
a 21 94 572
a 21 96 536
a 21 97 447
a 21 98 142
a 21 99 763
a 22 23 36
a 22 26 115
a 22 27 567
a 22 30 528
a 22 37 744
a 22 38 932
a 22 39 888
a 22 41 335
a 22 42 740
a 22 43 638
a 22 47 106
a 22 51 463
a 22 52 369
a 22 53 631
a 22 55 599
a 22 56 632
a 22 58 200
a 22 59 612
a 22 62 362
a 22 65 321
a 22 66 454
a 22 68 581
a 22 70 807
a 22 71 446
a 22 72 670
a 22 75 57
a 22 77 369
a 22 79 557
a 22 80 503
a 22 81 510
a 22 85 319
a 22 87 538
a 22 88 976
a 22 89 237
a 22 91 417
a 22 92 71
a 22 95 168
a 22 96 656
a 22 97 757
a 22 98 259
a 22 100 293
a 23 25 214
a 23 26 74
a 23 27 13
a 23 30 197
a 23 31 672
a 23 32 997
a 23 36 396
a 23 41 636
a 23 42 358
a 23 43 716
a 23 44 89
a 23 47 938
a 23 49 522
a 23 50 886
a 23 51 959
a 23 53 578
a 23 54 255
a 23 55 867
a 23 56 432
a 23 59 116
a 23 61 185
a 23 63 321
a 23 66 444
a 23 67 774
a 23 69 737
a 23 70 514
a 23 71 293
a 23 77 392
a 23 78 623
a 23 79 552
a 23 83 37
a 23 85 836
a 23 87 977
a 23 88 49
a 23 92 32
a 23 94 648
a 23 95 45
a 23 97 427
a 24 25 635
a 24 26 754
a 24 27 495
a 24 28 723
a 24 30 692
a 24 32 16
a 24 34 609
a 24 35 650
a 24 36 946
a 24 37 215
a 24 39 517
a 24 40 377
a 24 50 330
a 24 52 53
a 24 55 50
a 24 56 125
a 24 59 826
a 24 61 786
a 24 62 991
a 24 63 119
a 24 67 530
a 24 68 613
a 24 69 22
a 24 72 566
a 24 74 800
a 24 77 998
a 24 80 966
a 24 81 832
a 24 84 997
a 24 87 363
a 24 93 610
a 24 94 632
a 24 96 116
a 24 98 104
a 24 100 706
a 25 26 807
a 25 27 472
a 25 29 666
a 25 32 457
a 25 33 769
a 25 35 880
a 25 36 325
a 25 38 497
a 25 39 562
a 25 40 377
a 25 41 546
a 25 42 686
a 25 49 555
a 25 54 332
a 25 55 676
a 25 56 673
a 25 59 213
a 25 60 640
a 25 64 46
a 25 66 778
a 25 72 440
a 25 73 43
a 25 75 95
a 25 76 623
a 25 77 391
a 25 79 457
a 25 82 232
a 25 83 22
a 25 87 573
a 25 91 688
a 25 94 80
a 25 95 731
a 25 96 159
a 25 99 745
a 26 28 539
a 26 30 927
a 26 32 977
a 26 33 863
a 26 34 775
a 26 35 538
a 26 37 592
a 26 38 321
a 26 41 575
a 26 45 146
a 26 47 4
a 26 50 603
a 26 57 170
a 26 59 216
a 26 60 594
a 26 61 215
a 26 62 345
a 26 67 33
a 26 69 609
a 26 70 439
a 26 72 655
a 26 73 999
a 26 74 896
a 26 75 239
a 26 77 373
a 26 79 820
a 26 82 926
a 26 85 452
a 26 91 902
a 26 92 84
a 26 93 548
a 26 98 441
a 26 100 362
a 27 31 524
a 27 32 655
a 27 35 136
a 27 37 413
a 27 38 246
a 27 41 808
a 27 42 988
a 27 43 743
a 27 44 811
a 27 45 942
a 27 47 912
a 27 48 26
a 27 49 535
a 27 51 126
a 27 52 370
a 27 54 568
a 27 55 86
a 27 56 161
a 27 57 574
a 27 58 437
a 27 59 56
a 27 60 812
a 27 61 809
a 27 62 227
a 27 63 737
a 27 64 612
a 27 65 128
a 27 69 172
a 27 73 159
a 27 74 568
a 27 75 885
a 27 76 35
a 27 77 223
a 27 80 373
a 27 82 447
a 27 84 820
a 27 88 180
a 27 89 786
a 27 91 563
a 27 93 991
a 27 100 727
a 28 31 826
a 28 33 368
a 28 35 614
a 28 36 304
a 28 38 90
a 28 41 533
a 28 43 389
a 28 44 250
a 28 47 106
a 28 48 825
a 28 52 657
a 28 55 270
a 28 58 985
a 28 59 883
a 28 61 358
a 28 66 948
a 28 67 10
a 28 69 530
a 28 70 107
a 28 75 930
a 28 83 766
a 28 89 493
a 28 90 504
a 28 93 138
a 28 94 939
a 28 96 323
a 28 99 318
a 28 100 77
a 29 30 237
a 29 32 660
a 29 33 803
a 29 35 63
a 29 38 379
a 29 43 768
a 29 46 366
a 29 47 468
a 29 54 300
a 29 56 106
a 29 59 69
a 29 60 758
a 29 62 283
a 29 63 725
a 29 64 27
a 29 65 267
a 29 67 959
a 29 68 384
a 29 69 215
a 29 70 969
a 29 71 265
a 29 72 673
a 29 73 898
a 29 76 31
a 29 77 165
a 29 78 753
a 29 79 520
a 29 80 455
a 29 81 427
a 29 83 189
a 29 84 531
a 29 85 664
a 29 86 848
a 29 87 686
a 29 88 78
a 29 91 579
a 29 93 453
a 29 95 795
a 29 98 398
a 29 99 753
a 29 100 252
a 30 33 467
a 30 36 510
a 30 37 534
a 30 38 543
a 30 40 888
a 30 42 801
a 30 43 502
a 30 44 623
a 30 45 15
a 30 52 822
a 30 54 240
a 30 55 39
a 30 57 71
a 30 58 622
a 30 59 203
a 30 62 823
a 30 64 141
a 30 65 657
a 30 68 249
a 30 69 330
a 30 72 540
a 30 74 264
a 30 76 529
a 30 77 225
a 30 79 341
a 30 80 107
a 30 81 677
a 30 82 487
a 30 84 505
a 30 86 781
a 30 87 739
a 30 88 323
a 30 91 290
a 30 92 272
a 30 94 865
a 30 96 529
a 30 97 72
a 30 98 366
a 31 32 152
a 31 34 438
a 31 35 187
a 31 36 391
a 31 37 828
a 31 39 609
a 31 40 12
a 31 41 30
a 31 45 431
a 31 49 504
a 31 50 39
a 31 51 680
a 31 56 185
a 31 58 578
a 31 60 943
a 31 63 714
a 31 65 802
a 31 69 636
a 31 70 172
a 31 73 830
a 31 75 122
a 31 78 676
a 31 79 611
a 31 81 212
a 31 84 998
a 31 87 900
a 31 89 484
a 31 90 863
a 31 92 781
a 31 94 907
a 31 96 580
a 31 97 284
a 32 33 697
a 32 35 119
a 32 39 674
a 32 40 524
a 32 41 727
a 32 43 37
a 32 46 906
a 32 49 158
a 32 50 892
a 32 57 944
a 32 60 189
a 32 63 77
a 32 64 873
a 32 67 483
a 32 71 142
a 32 77 26
a 32 81 470
a 32 82 313
a 32 83 855
a 32 85 944
a 32 86 989
a 32 88 465
a 32 89 155
a 32 92 338
a 32 94 717
a 32 98 990
a 32 99 200
a 33 38 497
a 33 39 249
a 33 40 132
a 33 42 780
a 33 43 945
a 33 44 250
a 33 45 805
a 33 48 820
a 33 50 328
a 33 51 193
a 33 52 725
a 33 55 837
a 33 56 436
a 33 59 20
a 33 60 25
a 33 64 512
a 33 67 244
a 33 68 860
a 33 69 653
a 33 74 269
a 33 75 329
a 33 76 966
a 33 78 124
a 33 82 272
a 33 83 306
a 33 85 588
a 33 87 427
a 33 91 643
a 33 92 304
a 33 94 768
a 33 96 195
a 33 97 152
a 33 98 16
a 33 100 326
a 34 37 931
a 34 39 960
a 34 41 927
a 34 42 87
a 34 43 132
a 34 44 606
a 34 45 631
a 34 46 208
a 34 49 443
a 34 54 67
a 34 56 228
a 34 61 467
a 34 62 578
a 34 63 471
a 34 64 678
a 34 66 583
a 34 67 740
a 34 68 7
a 34 69 548
a 34 70 215
a 34 71 278
a 34 75 205
a 34 77 802
a 34 82 56
a 34 87 847
a 34 89 458
a 34 90 824
a 34 94 393
a 34 96 609
a 34 97 839
a 34 98 70
a 35 38 892
a 35 39 151
a 35 42 996
a 35 45 330
a 35 49 634
a 35 52 954
a 35 53 961
a 35 58 841
a 35 59 396
a 35 61 27
a 35 63 68
a 35 66 214
a 35 67 604
a 35 71 891
a 35 72 892
a 35 73 538
a 35 74 982
a 35 75 898
a 35 77 437
a 35 79 196
a 35 82 527
a 35 89 641
a 35 90 349
a 35 93 935
a 35 94 840
a 35 95 806
a 35 97 758
a 35 100 232
a 36 38 767
a 36 40 948
a 36 43 302
a 36 53 658
a 36 54 450
a 36 58 649
a 36 59 987
a 36 64 83
a 36 67 602
a 36 70 947
a 36 71 276
a 36 73 997
a 36 76 325
a 36 77 695
a 36 78 211
a 36 80 929
a 36 81 585
a 36 83 102
a 36 85 818
a 36 86 918
a 36 87 351
a 36 92 255
a 36 98 113
a 37 38 229
a 37 39 895
a 37 40 462
a 37 42 163
a 37 43 734
a 37 48 619
a 37 55 920
a 37 58 966
a 37 60 385
a 37 61 220
a 37 64 619
a 37 66 394
a 37 67 21
a 37 68 267
a 37 72 381
a 37 74 104
a 37 75 869
a 37 78 679
a 37 81 731
a 37 84 865
a 37 87 4
a 37 88 425
a 37 89 427
a 37 90 284
a 37 92 362
a 37 93 880
a 37 99 101
a 38 40 279
a 38 41 230
a 38 45 707
a 38 47 392
a 38 48 459
a 38 50 954
a 38 51 205
a 38 52 621
a 38 55 687
a 38 57 175
a 38 59 893
a 38 60 4
a 38 61 560
a 38 62 464
a 38 65 974
a 38 71 953
a 38 73 484
a 38 74 241
a 38 79 685
a 38 81 939
a 38 83 109
a 38 84 364
a 38 87 669
a 38 88 325
a 38 89 719
a 38 90 94
a 38 91 752
a 38 94 354
a 38 96 807
a 38 97 631
a 38 99 454
a 38 100 85
a 39 40 213
a 39 42 513
a 39 44 828
a 39 47 671
a 39 49 466
a 39 51 384
a 39 52 643
a 39 53 504
a 39 58 559
a 39 59 887
a 39 60 860
a 39 62 118
a 39 63 350
a 39 64 833
a 39 69 422
a 39 71 186
a 39 72 73
a 39 73 107
a 39 74 124
a 39 76 181
a 39 77 822
a 39 79 145
a 39 84 506
a 39 85 540
a 39 87 590
a 39 88 609
a 39 89 245
a 39 94 396
a 39 95 239
a 39 97 698
a 40 43 480
a 40 44 451
a 40 45 562
a 40 46 660
a 40 47 473
a 40 48 27
a 40 49 43
a 40 51 468
a 40 52 531
a 40 53 601
a 40 54 354
a 40 55 390
a 40 57 70
a 40 59 56
a 40 60 222
a 40 61 492
a 40 62 241
a 40 63 295
a 40 64 950
a 40 67 716
a 40 68 827
a 40 70 771
a 40 71 860
a 40 73 684
a 40 76 662
a 40 77 449
a 40 78 292
a 40 80 906
a 40 81 844
a 40 82 883
a 40 85 955
a 40 86 676
a 40 90 333
a 40 91 517
a 40 92 335
a 40 97 806
a 40 98 895
a 40 99 377
a 40 100 625
a 41 48 425
a 41 50 330
a 41 51 978
a 41 52 814
a 41 55 399
a 41 56 385
a 41 57 388
a 41 58 242
a 41 59 977
a 41 61 34
a 41 62 543
a 41 63 693
a 41 65 212
a 41 69 665
a 41 70 552
a 41 71 896
a 41 73 678
a 41 76 353
a 41 81 539
a 41 82 583
a 41 83 548
a 41 86 421
a 41 87 890
a 41 88 223
a 41 91 106
a 41 92 758
a 41 93 909
a 41 94 911
a 41 95 652
a 41 96 286
a 41 97 887
a 41 98 429
a 41 99 967
a 42 46 864
a 42 48 594
a 42 49 717
a 42 50 601
a 42 51 981
a 42 52 311
a 42 53 577
a 42 54 14
a 42 55 853
a 42 56 269
a 42 57 226
a 42 58 518
a 42 65 173
a 42 67 473
a 42 69 195
a 42 71 877
a 42 74 363
a 42 78 130
a 42 79 424
a 42 80 784
a 42 82 371
a 42 83 647
a 42 84 889
a 42 88 128
a 42 89 907
a 42 91 151
a 42 92 131
a 42 94 544
a 42 95 37
a 42 96 559
a 42 97 510
a 42 99 252
a 43 48 505
a 43 49 227
a 43 50 852
a 43 54 485
a 43 56 537
a 43 58 781
a 43 59 851
a 43 63 741
a 43 65 49
a 43 66 428
a 43 67 258
a 43 68 573
a 43 72 900
a 43 74 453
a 43 75 449
a 43 77 262
a 43 81 934
a 43 84 225
a 43 85 397
a 43 87 304
a 43 93 871
a 43 97 637
a 43 98 783
a 43 99 777
a 43 100 787
a 44 49 913
a 44 55 321
a 44 56 175
a 44 58 824
a 44 62 182
a 44 68 427
a 44 71 328
a 44 72 760
a 44 74 630
a 44 75 164
a 44 77 648
a 44 78 410
a 44 81 14
a 44 84 389
a 44 85 811
a 44 86 793
a 44 88 646
a 44 89 383
a 44 90 44
a 44 91 450
a 44 92 184
a 44 94 658
a 44 95 383
a 44 98 408
a 44 99 54
a 45 46 38
a 45 47 630
a 45 49 691
a 45 51 820
a 45 52 758
a 45 53 829
a 45 55 85
a 45 56 430
a 45 59 4
a 45 60 908
a 45 61 612
a 45 62 430
a 45 66 587
a 45 68 723
a 45 69 411
a 45 70 102
a 45 73 371
a 45 74 821
a 45 75 116
a 45 82 759
a 45 83 983
a 45 84 260
a 45 85 756
a 45 86 365
a 45 88 304
a 45 89 206
a 45 91 900
a 45 93 961
a 45 94 940
a 45 96 307
a 45 100 366
a 46 49 978
a 46 50 288
a 46 51 56
a 46 52 797
a 46 53 46
a 46 54 885
a 46 55 881
a 46 56 827
a 46 57 240
a 46 60 140
a 46 61 790
a 46 65 21
a 46 66 78
a 46 69 513
a 46 70 431
a 46 71 180
a 46 72 883
a 46 74 603
a 46 77 647
a 46 81 993
a 46 82 585
a 46 83 906
a 46 84 748
a 46 86 302
a 46 89 561
a 46 90 305
a 46 91 201
a 46 93 521
a 46 94 245
a 46 99 860
a 46 100 887
a 47 48 574
a 47 51 499
a 47 54 294
a 47 55 370
a 47 57 896
a 47 58 530
a 47 61 603
a 47 62 723
a 47 63 769
a 47 65 94
a 47 66 512
a 47 67 141
a 47 70 172
a 47 71 376
a 47 72 572
a 47 75 703
a 47 77 610
a 47 80 174
a 47 82 701
a 47 83 602
a 47 84 111
a 47 85 606
a 47 87 702
a 47 90 412
a 47 91 167
a 47 92 358
a 47 95 964
a 47 97 39
a 47 100 954
a 48 49 823
a 48 52 925
a 48 54 527
a 48 56 674
a 48 57 571
a 48 60 249
a 48 61 569
a 48 67 100
a 48 69 851
a 48 71 291
a 48 76 221
a 48 83 296
a 48 85 155
a 48 86 361
a 48 87 819
a 48 89 530
a 48 91 932
a 48 92 521
a 48 95 492
a 48 99 458
a 48 100 221
a 49 52 445
a 49 54 920
a 49 55 179
a 49 56 146
a 49 57 331
a 49 59 697
a 49 60 504
a 49 62 646
a 49 63 735
a 49 64 457
a 49 72 469
a 49 76 12
a 49 78 336
a 49 80 494
a 49 81 934
a 49 83 584
a 49 85 62
a 49 87 33
a 49 88 786
a 49 90 353
a 49 92 605
a 49 94 81
a 49 96 859
a 49 99 966
a 50 51 252
a 50 52 740
a 50 53 249
a 50 54 772
a 50 55 231
a 50 56 58
a 50 58 345
a 50 61 676
a 50 63 977
a 50 68 875
a 50 69 173
a 50 70 659
a 50 74 571
a 50 75 28
a 50 78 305
a 50 80 657
a 50 81 837
a 50 82 125
a 50 83 668
a 50 85 172
a 50 88 618
a 50 92 601
a 50 94 107
a 50 95 679
a 50 97 986
a 50 98 892
a 50 100 383
a 51 54 590
a 51 56 324
a 51 59 241
a 51 61 907
a 51 62 575
a 51 63 333
a 51 67 156
a 51 70 699
a 51 73 563
a 51 74 213
a 51 75 43
a 51 78 590
a 51 79 542
a 51 81 917
a 51 85 115
a 51 86 552
a 51 87 839
a 51 89 142
a 51 90 856
a 51 94 495
a 51 95 330
a 51 97 332
a 51 100 515
a 52 53 501
a 52 54 301
a 52 58 467
a 52 60 959
a 52 63 980
a 52 66 804
a 52 70 850
a 52 77 714
a 52 78 394
a 52 80 526
a 52 82 307
a 52 84 652
a 52 89 100
a 52 91 639
a 52 96 807
a 52 99 798
a 53 54 553
a 53 55 372
a 53 58 192
a 53 59 143
a 53 63 265
a 53 64 460
a 53 77 257
a 53 83 816
a 53 84 650
a 53 85 750
a 53 87 24
a 53 88 497
a 53 89 80
a 53 92 355
a 53 93 11
a 53 94 932
a 53 95 8
a 53 96 829
a 53 97 891
a 53 98 987
a 53 99 633
a 53 100 92
a 54 55 52
a 54 56 378
a 54 57 617
a 54 58 358
a 54 60 29
a 54 61 717
a 54 62 996
a 54 64 836
a 54 65 866
a 54 67 901
a 54 69 559
a 54 70 410
a 54 72 43
a 54 74 823
a 54 75 221
a 54 79 651
a 54 80 990
a 54 84 871
a 54 85 400
a 54 87 13
a 54 88 367
a 54 89 831
a 54 90 720
a 54 92 729
a 54 96 763
a 54 97 727
a 54 99 557
a 55 56 653
a 55 57 65
a 55 58 189
a 55 59 744
a 55 61 116
a 55 64 918
a 55 65 713
a 55 67 826
a 55 70 947
a 55 71 781
a 55 76 173
a 55 77 134
a 55 78 646
a 55 79 73
a 55 80 692
a 55 81 407
a 55 84 467
a 55 85 866
a 55 86 980
a 55 92 117
a 55 95 855
a 55 96 850
a 55 99 869
a 55 100 220
a 56 57 568
a 56 58 699
a 56 59 939
a 56 60 296
a 56 61 461
a 56 62 17
a 56 66 204
a 56 69 465
a 56 71 433
a 56 73 745
a 56 79 561
a 56 81 548
a 56 83 662
a 56 84 273
a 56 85 725
a 56 86 608
a 56 92 53
a 56 93 250
a 56 100 741
a 57 59 50
a 57 62 322
a 57 65 784
a 57 66 457
a 57 67 789
a 57 68 649
a 57 71 436
a 57 72 257
a 57 73 856
a 57 76 637
a 57 79 125
a 57 80 75
a 57 81 204
a 57 83 824
a 57 84 365
a 57 86 851
a 57 87 284
a 57 88 381
a 57 90 54
a 57 91 749
a 57 97 813
a 57 98 798
a 57 99 309
a 57 100 712
a 58 59 812
a 58 68 581
a 58 71 437
a 58 72 419
a 58 73 985
a 58 74 686
a 58 75 512
a 58 76 34
a 58 77 359
a 58 78 295
a 58 81 842
a 58 84 499
a 58 86 296
a 58 92 629
a 58 94 756
a 58 95 151
a 58 97 265
a 58 100 880
a 59 61 225
a 59 62 820
a 59 63 703
a 59 64 941
a 59 68 22
a 59 72 339
a 59 73 321
a 59 74 428
a 59 75 439
a 59 77 485
a 59 78 577
a 59 79 747
a 59 80 196
a 59 84 388
a 59 85 679
a 59 88 984
a 59 91 159
a 59 93 15
a 59 94 21
a 59 95 670
a 59 96 48
a 59 97 732
a 59 98 316
a 60 61 242
a 60 63 230
a 60 65 963
a 60 67 870
a 60 75 985
a 60 76 113
a 60 78 487
a 60 79 217
a 60 80 689
a 60 81 658
a 60 83 919
a 60 85 629
a 60 87 680
a 60 88 609
a 60 89 301
a 60 90 459
a 60 91 47
a 60 93 785
a 60 95 35
a 60 99 793
a 61 63 333
a 61 66 775
a 61 67 823
a 61 68 316
a 61 69 933
a 61 70 837
a 61 74 689
a 61 75 954
a 61 76 237
a 61 78 420
a 61 80 621
a 61 84 478
a 61 85 649
a 61 89 584
a 61 91 347
a 61 92 986
a 61 97 48
a 61 98 833
a 61 99 202
a 62 65 89
a 62 66 491
a 62 67 120
a 62 70 69
a 62 73 522
a 62 76 729
a 62 77 370
a 62 80 980
a 62 82 127
a 62 83 506
a 62 84 14
a 62 86 920
a 62 87 838
a 62 89 788
a 62 92 94
a 62 95 506
a 62 96 72
a 62 97 283
a 62 100 194
a 63 64 25
a 63 74 519
a 63 76 613
a 63 77 646
a 63 78 996
a 63 79 613
a 63 86 581
a 63 87 694
a 63 94 598
a 63 95 628
a 63 97 527
a 63 99 799
a 64 66 68
a 64 70 369
a 64 71 271
a 64 72 137
a 64 76 242
a 64 79 351
a 64 81 858
a 64 83 221
a 64 84 477
a 64 85 363
a 64 86 586
a 64 87 748
a 64 88 553
a 64 94 726
a 65 66 842
a 65 67 58
a 65 72 797
a 65 76 476
a 65 77 603
a 65 78 174
a 65 82 994
a 65 83 215
a 65 84 171
a 65 85 341
a 65 86 179
a 65 87 751
a 65 88 34
a 65 91 777
a 65 95 730
a 65 96 912
a 65 97 927
a 65 99 798
a 65 100 280
a 66 68 549
a 66 70 934
a 66 71 521
a 66 72 899
a 66 79 791
a 66 80 93
a 66 81 728
a 66 84 505
a 66 87 31
a 66 88 475
a 66 89 57
a 66 91 756
a 66 93 668
a 66 94 466
a 66 98 904
a 66 99 143
a 66 100 68
a 67 77 77
a 67 78 488
a 67 79 634
a 67 80 599
a 67 81 828
a 67 83 813
a 67 86 349
a 67 87 862
a 67 90 941
a 67 91 79
a 67 92 773
a 67 93 867
a 67 94 876
a 67 98 405
a 68 69 416
a 68 72 809
a 68 75 277
a 68 76 666
a 68 77 951
a 68 79 722
a 68 81 393
a 68 84 455
a 68 85 752
a 68 86 220
a 68 87 864
a 68 91 859
a 68 93 239
a 68 94 329
a 68 96 762
a 68 98 734
a 68 99 397
a 68 100 191
a 69 70 221
a 69 71 382
a 69 74 789
a 69 75 401
a 69 76 194
a 69 81 138
a 69 82 262
a 69 83 486
a 69 87 568
a 69 89 386
a 69 90 705
a 69 92 443
a 69 94 790
a 69 95 120
a 69 96 603
a 69 100 419
a 70 72 137
a 70 76 553
a 70 77 140
a 70 79 882
a 70 83 359
a 70 84 891
a 70 86 453
a 70 88 222
a 70 90 749
a 70 95 691
a 70 96 903
a 70 97 862
a 70 98 424
a 70 100 651
a 71 72 52
a 71 75 997
a 71 79 32
a 71 82 193
a 71 83 749
a 71 87 226
a 71 92 330
a 71 93 10
a 71 95 63
a 71 96 249
a 71 97 747
a 71 98 767
a 71 99 43
a 71 100 889
a 72 73 238
a 72 76 645
a 72 77 307
a 72 78 375
a 72 79 549
a 72 80 446
a 72 81 256
a 72 84 259
a 72 86 688
a 72 89 60
a 72 90 833
a 72 93 436
a 72 95 750
a 72 98 735
a 73 75 649
a 73 76 526
a 73 77 385
a 73 78 701
a 73 79 874
a 73 83 416
a 73 85 893
a 73 86 622
a 73 88 993
a 73 89 574
a 73 90 983
a 73 91 56
a 73 97 174
a 73 98 729
a 74 75 174
a 74 76 216
a 74 78 617
a 74 79 412
a 74 80 860
a 74 84 923
a 74 86 786
a 74 87 760
a 74 88 720
a 74 89 393
a 74 90 370
a 74 92 407
a 74 96 452
a 74 99 202
a 75 76 194
a 75 78 553
a 75 79 936
a 75 81 195
a 75 85 430
a 75 86 672
a 75 87 895
a 75 88 303
a 75 91 88
a 75 92 139
a 75 96 924
a 75 98 432
a 75 99 64
a 76 77 258
a 76 80 839
a 76 81 237
a 76 82 987
a 76 84 13
a 76 86 452
a 76 88 955
a 76 89 424
a 76 94 663
a 76 95 230
a 76 97 561
a 76 99 774
a 76 100 949
a 77 79 305
a 77 81 143
a 77 83 708
a 77 84 108
a 77 85 345
a 77 86 253
a 77 90 12
a 77 91 632
a 77 93 447
a 77 96 442
a 77 99 304
a 78 83 693
a 78 85 744
a 78 86 743
a 78 87 831
a 78 89 20
a 78 92 526
a 78 93 246
a 78 94 277
a 78 96 365
a 78 98 482
a 78 100 615
a 79 80 729
a 79 82 933
a 79 83 570
a 79 84 504
a 79 85 947
a 79 86 799
a 79 93 416
a 79 97 720
a 79 100 747
a 80 81 720
a 80 82 863
a 80 83 806
a 80 85 179
a 80 89 559
a 80 90 411
a 80 91 190
a 80 92 190
a 80 93 857
a 81 85 631
a 81 86 845
a 81 90 902
a 81 94 727
a 81 95 587
a 81 98 732
a 81 99 746
a 81 100 465
a 82 86 978
a 82 87 374
a 82 88 829
a 82 89 811
a 82 91 989
a 82 92 909
a 82 94 96
a 82 95 558
a 82 96 412
a 82 97 42
a 82 98 708
a 83 84 827
a 83 86 114
a 83 87 806
a 83 89 898
a 83 91 976
a 83 92 612
a 83 94 76
a 83 96 886
a 83 97 22
a 83 98 617
a 83 100 75
a 84 86 230
a 84 91 248
a 84 92 272
a 84 93 131
a 84 99 326
a 85 86 210
a 85 88 215
a 85 93 71
a 85 94 674
a 85 97 544
a 85 98 796
a 86 88 502
a 86 91 354
a 86 93 784
a 86 96 762
a 86 97 801
a 86 99 693
a 86 100 173
a 87 90 843
a 87 92 400
a 87 93 351
a 87 94 956
a 87 95 558
a 87 96 248
a 87 98 283
a 88 90 169
a 88 91 323
a 88 93 168
a 88 98 542
a 88 99 940
a 89 90 594
a 89 91 123
a 89 92 539
a 89 93 865
a 89 95 606
a 89 96 864
a 89 100 75
a 90 91 820
a 90 92 286
a 90 93 100
a 90 94 715
a 90 95 433
a 90 97 602
a 90 98 420
a 91 95 569
a 91 98 715
a 91 99 221
a 91 100 261
a 92 93 888
a 92 96 415
a 92 98 13
a 92 100 238
a 93 94 370
a 93 96 570
a 93 97 486
a 93 98 4
a 94 96 90
a 94 98 160
a 94 99 171
a 95 97 983
a 96 99 451
a 97 98 116
a 97 99 105
